              precision    recall  f1-score   support

           0       0.99      0.97      0.98       161
           1       0.72      0.92      0.81        25
           2       0.75      0.82      0.78        22
           3       0.97      0.82      0.89        40
           4       0.93      0.93      0.93        27
           5       0.00      0.00      0.00         1

    accuracy                           0.92       276
   macro avg       0.73      0.74      0.73       276
weighted avg       0.93      0.92      0.93       276
