              precision    recall  f1-score   support

           0       1.00      0.99      1.00       161
           1       0.83      1.00      0.91        25
           2       0.78      0.82      0.80        22
           3       1.00      0.85      0.92        40
           4       0.93      0.93      0.93        27
           5       0.00      0.00      0.00         1

    accuracy                           0.95       276
   macro avg       0.76      0.76      0.76       276
weighted avg       0.96      0.95      0.95       276
